598,407
599,407
600,407
601,407
602,407
603,407
604,407
605,407
606,407
607,407
608,407
609,407
610,407
611,408
612,408
613,408
614,408
615,409
616,409
617,409
618,410
619,410
620,411
621,411
622,412
623,412
624,413
625,414
626,414
627,414
628,415
629,415
630,416
631,417
632,418
633,419
634,420
635,420
636,421
637,422
638,422
639,422
640,423
641,424
642,425
643,425
644,426
645,426
646,427
647,428
648,428
649,429
650,430
651,431
652,432
653,432
654,433
655,434
656,435
657,436
657,437
658,438
659,439
660,440
661,441
661,442
661,443
661,444
661,445
662,446
662,447
663,448
664,449
665,450
665,451
666,452
667,453
668,454
669,455
669,456
670,457
670,458
670,459
671,460
671,461
672,462
672,463
672,464
672,465
673,466
674,467
674,468
675,469
675,470
675,471
676,472
676,473
677,474
677,475
678,476
678,477
678,478
678,479
678,480
678,481
678,482
678,483
679,484
679,485
679,486
679,487
679,488
680,489
680,490
680,491
680,492
680,493
680,494
680,495
681,496
681,497
682,498
682,499
682,500
682,501
682,502
683,503
683,504
683,505
684,506
684,507
684,508
684,509
684,510
684,511
684,512
684,513
685,514
685,515
685,516
686,517
686,518
686,519
686,520
687,521
687,522
687,523
687,524
687,525
687,526
687,527
687,528
687,529
687,530
687,531
687,532
687,533
687,534
687,535
687,536
687,537
687,538
687,539
687,540
687,541
687,542
687,543
687,544
687,545
687,546
687,547
687,548
687,549
687,550
687,551
687,552
687,553
687,554
687,555
687,556
687,557
687,558
687,559
687,560
687,561
687,562
687,563
687,564
687,565
687,566
687,567
687,568
687,569
687,570
687,571
687,572
687,573
687,574
687,575
687,576
687,577
687,578
687,579
687,580
687,581
688,582
688,583
688,584
688,585
688,586
688,587
689,588
689,589
689,590
689,591
689,592
689,593
689,594
689,595
689,596
689,597
689,598
689,599
689,600
689,601
689,602
689,603
689,604
689,605
689,606
689,607
689,608
689,609
689,610
689,611
689,612
689,613
689,614
689,615
689,616
689,617
689,618
689,619
689,620
689,621
689,622
689,623
689,624
689,625
689,626
689,627
689,628
689,629
689,630
689,631
689,632
689,633
689,634
690,635
690,636
690,637
690,638
690,639
690,640
691,641
691,642
691,643
691,644
691,645
691,646
692,647
692,648
693,649
693,650
693,651
693,652
693,653
693,654
693,655
693,656
693,657
693,658
693,659
693,660
693,661
693,662
693,663
694,664
694,665
694,666
694,667
694,668
694,669
694,670
694,671
694,672
694,673
695,674
695,675
695,676
696,677
696,678
696,679
697,680
697,681
698,682
698,683
698,684
699,685
699,686
700,687
700,688
700,689
700,690
700,691
701,692
701,693
702,694
702,695
702,696
703,697
703,698
703,699
704,700
705,701
706,702
706,703
706,704
707,705
707,706
708,707
708,708
708,709
709,710
709,711
710,712
710,713
710,714
711,715
711,716
711,717
712,718
712,719
712,720
712,721
712,722
712,723
712,724
712,725
712,726
712,727
712,728
712,729
712,730
712,731
712,732
712,733
711,734
711,735
710,736
710,737
709,738
708,739
708,740
707,741
707,742
706,743
705,743
704,744
703,745
703,746
702,747
701,747
700,748
699,748
698,749
697,750
696,751
695,751
694,752
693,752
692,753
691,753
690,754
689,754
688,755
687,755
686,756
685,756
684,756
683,756
682,756
681,756
680,757
679,757
678,758
677,758
676,758
675,758
674,759
673,759
672,759
671,759
670,759
669,760
668,760
667,760
666,760
665,760
664,760
663,760
662,760
661,760
660,760
659,760
658,760
657,760
656,760
655,760
654,760
653,760
652,760
651,760
650,760
649,760
648,761
647,761
646,761
645,761
644,762
643,762
642,762
641,762
640,762
639,762
638,762
637,762
636,763
635,763
634,764
633,764
632,764
631,764
630,764
629,765
628,765
627,766
626,766
625,766
624,766
623,766
622,766
621,766
620,766
619,766
618,766
617,766
616,767
615,767
614,767
613,767
612,768
611,768
610,768
609,768
608,769
607,769
606,770
605,770
604,770
603,770
602,770
601,770
600,771
599,772
598,772
597,773
596,773
595,773
594,774
593,774
592,775
591,775
590,776
589,776
588,776
587,777
586,777
585,778
584,778
583,778
582,779
581,779
580,780
579,780
578,780
577,781
576,781
575,782
574,782
573,783
572,783
571,783
570,784
569,784
568,785
567,785
566,786
565,786
564,786
563,787
562,787
561,788
560,788
559,788
558,789
557,789
556,790
555,790
554,791
553,791
552,792
551,792
550,793
549,793
548,794
547,794
546,795
545,795
544,796
543,796
542,797
541,798
540,799
539,799
538,800
537,800
536,801
535,801
534,802
533,803
532,803
531,804
530,804
529,805
528,805
527,806
526,806
525,806
524,806
523,807
522,807
521,808
520,808
519,808
518,808
517,808
516,808
515,809
514,809
513,810
512,811
511,812
510,813
509,813
508,814
507,814
506,815
505,816
504,816
503,817
502,818
501,819
500,820
499,821
498,821
497,822
496,823
495,823
494,824
493,825
492,825
491,826
490,826
489,827
488,827
487,828
486,828
485,829
484,829
483,830
482,831
481,831
480,832
479,833
478,833
477,834
476,835
475,835
474,836
473,837
472,837
471,838
470,838
469,839
468,840
467,840
466,841
465,841
464,842
463,843
462,843
461,844
460,844
459,844
458,845
457,845
456,846
455,846
454,847
453,847
452,848
451,849
450,849
449,849
448,849
447,850
446,851
445,851
444,852
443,853
442,854
441,855
440,855
439,856
438,857
437,858
436,858
435,859
434,860
433,861
432,861
431,862
430,863
429,864
428,865
427,865
426,866
425,867
424,868
423,869
422,870
422,871
421,872
420,873
420,874
419,875
418,875
417,875
416,875
415,876
414,877
413,878
412,879
411,880
410,881
409,882
409,883
408,884
407,885
406,886
405,887
404,888
404,889
403,890
402,890
401,891
400,892
399,893
398,894
397,894
396,895
396,896
395,897
394,898
393,899
392,900
392,901
391,902
391,903
390,904
389,905
388,906
388,907
387,908
386,908
385,909
384,910
384,911
383,912
382,913
381,914
380,915
379,916
378,916
377,917
376,918
376,919
375,920
374,921
373,922
372,923
371,924
370,925
369,926
368,927
367,928
367,929
366,930
366,931
365,932
364,933
363,934
362,934
361,935
360,936
360,937
359,938
358,939
357,940
356,941
355,942
354,943
353,944
353,945
352,946
352,947
351,948
350,949
349,950
348,951
347,952
347,953
346,954
346,955
345,956
344,957
344,958
343,959
342,960
341,961
340,962
340,963
339,964
339,965
338,966
338,967
337,968
336,969
336,970
335,971
335,972
335,973
334,974
334,975
333,976
332,977
331,978
331,979
330,980
330,981
329,982
328,983
327,984
327,985
326,986
325,987
324,988
324,989
323,990
323,991
323,992
322,993
322,994
321,995
321,996
321,997
320,998
320,999
319,1000
319,1001
319,1002
319,1003
319,1004
318,1005
318,1006
317,1007
317,1008
317,1009
316,1010
316,1011
316,1012
315,1013
315,1014
315,1015
315,1016
315,1017
315,1018
315,1019
314,1020
314,1021
314,1022
314,1023
314,1024
313,1025
313,1026
313,1027
313,1028
313,1029
313,1030
312,1031
312,1032
312,1033
311,1034
311,1035
311,1036
310,1037
310,1038
309,1039
308,1040
307,1041
306,1042
305,1043
304,1044
303,1044
302,1045
301,1045
300,1045
299,1045
298,1045
297,1046
296,1046
295,1046
294,1046
293,1046
292,1046
291,1046
290,1046
289,1046
288,1046
287,1046
286,1046
285,1045
284,1045
283,1044
282,1044
281,1043
280,1042
279,1042
278,1041
278,1040
277,1039
276,1039
275,1038
274,1037
273,1036
273,1035
272,1034
271,1033
271,1032
270,1031
270,1030
270,1029
270,1028
270,1027
270,1026
270,1025
270,1024
269,1023
269,1022
269,1021
269,1020
269,1019
269,1018
269,1017
269,1016
269,1015
269,1014
269,1013
269,1012
269,1011
269,1010
269,1009
270,1008
270,1007
271,1006
271,1005
272,1004
272,1003
273,1002
274,1002
275,1001
275,1000
276,999
277,998
278,997
279,996
279,995
280,994
281,993
282,992
283,991
284,990
285,989
286,988
287,987
288,987
289,986
290,985
291,984
292,983
293,982
294,981
294,980
295,979
296,978
297,978
298,977
299,976
300,975
301,974
301,973
302,972
302,971
303,970
304,969
304,968
305,967
305,966
306,965
306,964
307,963
307,962
308,961
308,960
309,959
310,958
310,957
311,956
311,955
312,954
312,953
313,952
313,951
313,950
314,949
314,948
315,947
316,946
317,945
318,944
318,943
319,942
319,941
320,940
320,939
321,938
321,937
322,936
323,935
323,934
324,933
324,932
325,931
325,930
326,929
326,928
327,927
327,926
328,925
329,925
330,924
331,923
332,922
333,921
334,920
335,919
336,918
337,917
337,916
338,915
339,914
340,913
340,912
341,911
341,910
342,909
342,908
342,907
343,906
343,905
344,904
345,903
345,902
346,901
346,900
346,899
346,898
347,897
347,896
348,895
348,894
349,893
349,892
350,891
350,890
350,889
350,888
351,887
352,886
353,885
353,884
354,883
354,882
355,881
355,880
356,879
356,878
356,877
357,876
358,875
359,874
360,873
360,872
361,871
361,870
362,869
362,868
362,867
363,866
363,865
364,864
364,863
365,862
365,861
366,860
366,859
367,858
367,857
368,856
369,855
369,854
370,853
370,852
370,851
371,850
371,849
372,848
373,847
373,846
374,845
374,844
375,843
375,842
376,841
377,840
378,839
378,838
379,837
379,836
380,835
380,834
380,833
381,832
381,831
382,830
382,829
382,828
382,827
383,826
383,825
384,824
384,823
385,822
385,821
385,820
386,819
386,818
386,817
387,816
387,815
387,814
388,813
388,812
388,811
389,810
389,809
389,808
390,807
390,806
390,805
390,804
391,803
391,802
391,801
392,800
392,799
392,798
393,797
393,796
393,795
394,794
394,793
394,792
395,791
395,790
395,789
396,788
396,787
396,786
396,785
397,784
397,783
397,782
398,781
398,780
398,779
399,778
399,777
399,776
400,775
400,774
400,773
401,772
401,771
401,770
402,769
402,768
402,767
403,766
403,765
403,764
403,763
404,762
404,761
404,760
405,759
405,758
405,757
406,756
406,755
406,754
407,753
407,752
407,751
408,750
408,749
408,748
409,747
409,746
409,745
409,744
410,743
410,742
410,741
411,740
411,739
411,738
412,737
412,736
412,735
413,734
413,733
413,732
414,731
414,730
414,729
415,728
415,727
415,726
416,725
416,724
416,723
416,722
417,721
417,720
417,719
418,718
418,717
418,716
419,715
419,714
419,713
419,712
420,711
420,710
420,709
421,708
421,707
422,706
422,705
422,704
422,703
423,702
423,701
423,700
424,699
424,698
424,697
425,696
425,695
425,694
426,693
426,692
426,691
427,690
427,689
427,688
428,687
428,686
428,685
429,684
429,683
429,682
429,681
430,680
430,679
430,678
431,677
431,676
431,675
432,674
432,673
432,672
433,671
433,670
433,669
434,668
434,667
434,666
435,665
435,664
435,663
436,662
436,661
436,660
436,659
437,658
437,657
437,656
438,655
438,654
438,653
439,652
439,651
439,650
440,649
440,648
440,647
441,646
441,645
441,644
442,643
442,642
442,641
442,640
443,639
443,638
443,637
444,636
444,635
444,634
445,633
445,632
445,631
446,630
446,629
446,628
447,627
447,626
447,625
448,624
448,623
448,622
449,621
449,620
449,619
449,618
450,617
450,616
450,615
451,614
451,613
451,612
452,611
452,610
452,609
453,608
453,607
453,606
454,605
454,604
454,603
455,602
455,601
455,600
455,599
456,598
456,597
456,596
457,595
457,594
457,593
458,592
458,591
458,590
459,589
459,588
459,587
460,586
460,585
460,584
461,583
461,582
461,581
462,580
462,579
462,578
462,577
463,576
463,575
463,574
464,573
464,572
464,571
465,570
465,569
465,568
466,567
466,566
466,565
467,564
467,563
467,562
468,561
468,560
468,559
468,558
469,557
469,556
469,555
470,554
470,553
470,552
471,551
471,550
471,549
472,548
472,547
472,546
473,545
473,544
473,543
474,542
474,541
474,540
474,539
474,538
474,537
474,536
474,535
474,534
474,533
474,532
474,531
474,530
474,529
473,528
473,527
472,526
472,525
471,524
471,523
471,522
470,521
470,520
470,519
470,518
470,517
469,516
469,515
468,514
468,513
468,512
468,511
468,510
468,509
468,508
468,507
468,506
468,505
467,504
467,503
467,502
467,501
467,500
467,499
467,498
467,497
467,496
467,495
467,494
467,493
467,492
467,491
467,490
467,489
468,488
468,487
468,486
468,485
469,484
469,483
470,482
470,481
470,480
470,479
471,478
471,477
472,476
473,475
474,474
475,473
476,473
477,472
477,471
478,470
478,469
479,468
480,467
480,466
481,465
482,464
483,463
484,462
484,461
485,460
486,459
487,458
488,457
489,457
490,456
491,455
492,454
493,453
494,452
495,451
496,450
497,449
498,448
499,447
500,447
501,446
501,445
502,444
503,444
504,443
505,443
506,442
507,442
508,441
509,441
510,440
511,440
512,440
513,440
514,439
515,439
516,439
517,438
518,438
519,437
520,437
521,437
522,436
523,436
524,436
525,435
526,435
527,435
528,434
529,434
530,434
531,434
532,434
533,433
534,433
535,432
536,432
537,432
538,432
539,432
540,431
541,431
542,431
543,430
544,430
545,429
546,429
547,428
548,427
549,426
550,426
551,425
552,425
553,424
554,423
555,423
556,422
557,422
558,422
559,421
560,421
561,420
562,420
563,420
564,419
565,419
566,419
567,418
568,418
569,418
570,418
571,418
572,417
573,417
574,416
575,416
576,416
577,415
578,415
579,414
580,414
581,414
582,413
583,413
584,412
585,412
586,412
587,411
588,411
589,410
590,410
591,409
592,409
593,409
594,408
595,408
596,408
597,408
