662,564
663,564
664,564
665,564
666,564
667,564
668,564
669,564
670,564
671,564
672,564
673,564
674,564
675,564
676,564
677,564
678,564
679,564
680,564
681,565
682,565
683,566
684,567
685,568
685,569
686,570
687,570
688,571
688,572
689,573
689,574
690,575
690,576
690,577
690,578
690,579
690,580
690,581
691,582
692,583
692,584
692,585
692,586
692,587
692,588
692,589
692,590
692,591
692,592
692,593
692,594
692,595
692,596
692,597
692,598
692,599
692,600
692,601
692,602
692,603
692,604
692,605
692,606
692,607
692,608
692,609
692,610
692,611
692,612
692,613
692,614
692,615
692,616
692,617
692,618
692,619
692,620
692,621
692,622
691,623
691,624
690,625
690,626
689,627
689,628
688,629
687,630
687,631
686,632
686,633
685,634
685,635
684,636
684,637
683,638
683,639
682,640
682,641
681,642
681,643
680,644
680,645
680,646
680,647
679,648
679,649
678,650
677,651
676,652
676,653
675,654
675,655
674,656
674,657
673,658
672,659
672,660
672,661
672,662
672,663
672,664
672,665
672,666
672,667
672,668
672,669
672,670
673,671
673,672
674,673
674,674
675,675
676,676
676,677
677,678
677,679
678,680
679,680
680,680
681,680
682,680
683,680
684,680
685,680
686,680
687,679
688,679
689,678
690,677
691,677
692,676
693,676
694,676
695,676
696,676
697,675
698,675
699,675
700,675
701,674
702,674
703,674
704,674
705,674
706,674
707,674
708,674
709,674
710,674
711,674
712,674
713,674
714,674
715,674
716,674
717,674
718,674
719,674
720,675
720,676
721,677
722,678
722,679
723,680
723,681
723,682
724,683
725,684
725,685
726,686
727,687
727,688
728,689
728,690
729,691
729,692
729,693
729,694
729,695
730,696
730,697
730,698
730,699
730,700
731,701
731,702
731,703
731,704
731,705
732,706
732,707
732,708
732,709
733,710
733,711
733,712
733,713
733,714
733,715
733,716
733,717
734,718
734,719
734,720
734,721
734,722
735,723
735,724
735,725
735,726
735,727
735,728
736,729
736,730
737,731
738,732
738,733
739,734
739,735
740,736
741,737
742,738
743,739
744,740
745,740
746,741
747,741
748,741
749,742
750,742
751,742
752,743
753,743
754,744
755,744
756,745
757,745
758,746
759,746
760,747
761,747
762,748
763,749
764,750
765,751
765,752
766,753
767,754
767,755
768,756
768,757
768,758
768,759
769,760
769,761
770,762
770,763
771,764
771,765
772,766
772,767
772,768
772,769
773,770
773,771
774,772
774,773
774,774
774,775
774,776
774,777
774,778
774,779
774,780
774,781
774,782
774,783
774,784
774,785
774,786
774,787
774,788
774,789
774,790
774,791
774,792
774,793
774,794
774,795
774,796
774,797
773,798
773,799
772,800
772,801
771,802
771,803
770,804
769,805
768,806
767,806
766,807
765,807
764,808
763,809
762,809
761,810
760,811
759,812
758,813
757,813
756,814
755,815
754,816
754,817
754,818
754,819
753,820
753,821
753,822
752,823
752,824
752,825
752,826
752,827
752,828
752,829
752,830
752,831
753,832
753,833
754,834
754,835
754,836
754,837
754,838
755,839
755,840
755,841
755,842
755,843
755,844
755,845
755,846
755,847
755,848
755,849
755,850
755,851
755,852
755,853
754,854
754,855
753,856
753,857
752,858
751,859
750,860
749,860
748,861
747,862
747,863
746,864
745,865
745,866
744,867
743,868
742,868
741,869
741,870
740,871
739,872
739,873
738,874
737,875
736,875
735,875
734,876
733,877
732,877
731,878
730,879
729,879
728,879
727,880
726,880
725,880
724,880
723,881
722,881
721,881
720,881
719,882
718,883
717,883
716,883
715,883
714,883
713,883
712,883
711,883
710,883
709,883
708,883
707,883
706,883
705,883
704,883
703,882
703,881
702,880
701,880
700,880
699,879
698,879
697,879
696,878
696,877
695,876
694,876
693,876
692,875
691,874
690,873
689,872
688,871
687,870
686,869
685,868
684,867
684,866
683,865
682,864
682,863
681,862
680,861
679,860
678,859
677,858
676,858
675,857
674,856
673,855
672,854
671,853
670,852
669,851
669,850
668,849
667,848
667,847
666,846
665,845
664,844
663,843
662,842
662,841
661,840
660,839
660,838
659,837
659,836
659,835
659,834
659,833
658,832
658,831
657,830
657,829
656,828
655,827
654,826
653,825
653,824
652,823
651,822
650,821
649,820
648,819
647,818
646,817
645,816
644,816
643,815
643,814
642,813
641,813
640,812
639,811
638,811
637,811
636,811
635,810
634,810
633,810
632,809
631,809
630,809
629,809
628,808
627,808
626,808
625,808
624,808
623,807
622,807
621,807
620,807
619,807
618,807
617,806
616,806
615,806
614,806
613,806
612,806
611,806
610,806
609,806
608,806
607,806
606,806
605,806
604,806
603,806
602,806
601,806
600,806
599,806
598,806
597,806
596,806
595,806
594,806
593,806
592,806
591,806
590,806
589,806
588,806
587,806
586,806
585,806
584,806
583,806
582,806
581,806
580,806
579,807
578,807
577,807
576,808
575,808
574,808
573,809
572,809
571,810
570,810
569,810
568,810
567,811
566,811
565,811
564,812
563,812
562,812
561,813
560,814
559,815
558,815
557,816
556,817
555,817
554,818
553,819
552,819
551,820
550,820
549,821
548,821
547,821
546,822
545,823
544,823
543,823
542,824
541,825
540,826
539,827
538,827
537,828
536,828
535,829
534,830
533,831
532,831
531,832
530,833
529,834
528,835
527,836
526,836
525,837
525,838
524,839
524,840
523,841
522,842
521,843
520,843
519,843
518,844
517,844
516,845
516,846
515,847
514,848
513,849
512,850
512,851
511,852
510,853
509,854
509,855
509,856
508,857
507,857
506,858
505,859
505,860
505,861
505,862
505,863
504,864
504,865
504,866
504,867
504,868
503,869
503,870
502,871
501,872
500,873
500,874
500,875
500,876
499,877
499,878
499,879
498,880
497,881
496,881
495,881
494,882
493,883
492,884
491,885
490,885
489,885
488,885
487,885
486,885
485,885
484,885
483,885
482,885
481,885
480,885
479,885
478,885
477,885
476,885
475,885
474,885
473,885
472,885
471,885
470,885
469,884
468,884
467,883
466,882
465,881
464,880
463,879
463,878
463,877
463,876
462,875
461,874
460,873
460,872
459,871
459,870
458,869
458,868
458,867
457,866
456,865
455,864
454,863
453,862
452,861
451,861
450,861
449,860
448,860
447,859
446,858
445,857
444,857
443,857
442,856
441,856
440,856
439,855
438,854
438,853
437,852
436,852
435,852
434,852
433,851
432,850
431,849
430,849
429,849
428,848
427,848
426,848
425,848
424,847
423,847
422,847
421,847
420,847
419,847
418,847
417,847
416,847
415,847
414,847
413,847
412,847
411,847
410,847
409,847
408,847
407,847
406,847
405,847
404,847
403,847
402,847
401,847
400,847
399,847
398,847
397,847
396,847
395,847
394,847
393,847
392,847
391,847
390,847
389,847
388,847
387,847
386,847
385,847
384,847
383,847
382,847
381,847
380,847
379,847
378,847
377,847
376,847
375,847
374,847
373,847
372,847
371,848
370,848
369,848
368,848
367,849
366,849
365,850
364,851
363,851
362,851
361,852
360,852
359,852
358,852
357,853
356,853
355,853
354,853
353,854
352,855
351,855
350,856
349,856
348,856
347,856
346,856
345,857
344,858
343,859
342,859
341,860
340,860
339,861
338,861
337,861
336,862
336,863
335,864
334,864
333,865
332,866
331,867
330,867
329,867
328,868
327,869
326,869
325,869
324,870
323,871
322,871
321,872
320,872
319,873
318,873
317,873
316,873
315,873
314,874
313,875
312,875
311,875
310,875
309,875
308,875
307,875
306,875
305,875
304,875
303,875
302,875
301,875
300,875
299,875
298,875
297,875
296,875
295,875
294,874
294,873
293,872
292,872
291,872
290,871
290,870
289,869
288,869
287,868
286,867
285,867
284,866
284,865
283,864
283,863
282,862
281,861
281,860
280,859
280,858
280,857
280,856
280,855
280,854
280,853
279,852
279,851
279,850
279,849
279,848
279,847
279,846
279,845
279,844
279,843
279,842
279,841
279,840
279,839
279,838
279,837
279,836
280,835
280,834
280,833
280,832
281,831
281,830
282,829
282,828
283,827
283,826
283,825
283,824
284,823
284,822
285,821
285,820
286,819
286,818
287,817
288,816
289,815
290,814
291,813
292,812
293,811
294,810
295,809
296,808
297,807
297,806
298,805
298,804
299,803
300,802
300,801
301,800
302,799
303,798
304,798
305,797
305,796
306,795
307,794
308,794
309,793
310,793
311,792
312,792
313,791
314,791
315,791
316,791
317,791
318,791
319,790
319,789
320,788
321,788
322,787
323,787
324,787
325,787
326,787
327,787
328,787
329,786
330,785
331,784
332,783
333,783
334,783
335,783
336,783
337,782
338,782
339,781
340,780
341,780
342,779
343,779
344,778
345,777
346,776
347,776
348,776
349,776
350,775
351,775
352,775
353,774
354,774
355,773
356,772
357,772
358,771
359,771
360,771
361,770
362,769
363,768
364,768
365,768
366,768
367,767
368,766
369,766
370,766
371,765
372,764
373,763
374,763
375,763
376,762
377,762
378,762
379,761
380,761
381,760
382,760
383,760
384,760
385,759
386,759
387,758
388,758
389,758
390,757
391,756
392,756
393,755
394,755
395,754
396,753
397,752
398,752
399,751
400,750
401,749
402,748
403,747
404,746
404,745
405,744
406,743
407,742
407,741
408,740
409,739
410,738
411,737
411,736
411,735
412,734
412,733
412,732
412,731
413,730
414,729
415,728
415,727
416,726
417,725
418,724
419,723
420,723
421,722
422,722
423,721
424,720
425,720
426,720
427,719
428,718
429,717
430,716
431,715
432,714
433,714
434,713
435,712
436,711
437,710
438,710
439,709
440,708
441,708
442,708
443,707
444,707
445,706
446,705
447,704
448,704
449,703
450,703
451,703
452,703
453,702
454,702
455,701
456,700
457,700
458,699
459,699
460,699
461,698
462,698
463,698
464,698
465,697
466,696
467,695
468,695
469,695
470,694
471,694
472,693
473,692
474,692
475,691
476,691
477,690
478,690
479,689
480,688
481,688
482,688
483,688
484,688
485,687
486,687
487,687
488,686
489,686
490,686
491,685
492,684
493,684
494,684
495,683
496,683
497,683
498,683
499,683
500,683
501,683
502,683
503,682
504,682
505,682
506,682
507,682
508,682
509,682
510,681
511,680
511,679
512,678
513,678
514,678
515,677
516,676
517,675
518,674
519,673
520,672
521,672
522,672
523,671
524,671
525,670
526,670
527,670
528,670
529,669
530,668
531,668
532,667
533,667
534,666
535,666
536,666
537,666
538,666
539,665
540,664
541,664
542,663
543,663
544,663
545,662
546,662
547,662
548,662
549,661
550,660
551,660
552,659
553,658
554,658
555,658
556,657
557,656
558,655
559,655
560,655
561,654
562,654
563,654
564,654
565,653
566,652
567,652
568,652
569,652
570,651
571,651
572,651
573,651
574,651
575,651
576,651
577,650
578,649
579,648
580,647
581,646
582,646
583,645
584,644
585,644
586,644
587,644
588,644
589,643
590,643
591,642
591,641
592,640
593,639
594,639
595,638
596,638
597,638
598,638
599,637
599,636
600,635
601,634
602,633
603,632
604,631
604,630
605,629
606,628
607,627
608,626
609,625
610,624
611,623
612,622
613,622
614,621
615,620
616,619
617,618
618,617
619,616
620,616
621,615
622,614
623,614
624,613
625,612
626,611
627,610
628,609
628,608
629,607
630,607
631,606
632,605
633,604
634,603
634,602
635,601
636,600
637,600
638,599
639,598
638,597
638,596
638,595
638,594
638,593
639,592
639,591
640,590
640,589
641,588
641,587
642,586
642,585
643,584
643,583
643,582
643,581
643,580
644,579
645,578
646,577
646,576
647,575
647,574
648,573
649,572
650,572
651,571
652,570
653,569
654,568
655,568
656,567
657,566
658,566
659,565
660,565
661,565
