811,276
812,276
813,276
814,276
815,276
816,276
817,276
818,276
819,276
820,277
820,278
821,279
821,280
821,281
821,282
821,283
821,284
821,285
821,286
821,287
821,288
820,289
820,290
819,291
819,292
819,293
819,294
818,295
817,296
816,297
815,298
814,299
814,300
813,301
812,302
811,303
810,304
809,305
809,306
808,307
807,308
806,309
806,310
806,311
806,312
805,313
805,314
804,315
804,316
803,317
802,318
802,319
802,320
801,321
800,322
799,323
799,324
798,325
798,326
797,327
796,328
796,329
796,330
795,331
795,332
794,333
794,334
794,335
793,336
792,337
792,338
792,339
792,340
791,341
791,342
790,343
790,344
790,345
789,346
789,347
789,348
788,349
788,350
788,351
787,352
787,353
787,354
786,355
786,356
786,357
785,358
785,359
785,360
784,361
784,362
784,363
783,364
783,365
783,366
782,367
782,368
782,369
781,370
781,371
781,372
780,373
780,374
780,375
779,376
779,377
779,378
778,379
778,380
778,381
777,382
777,383
777,384
776,385
776,386
776,387
775,388
775,389
775,390
774,391
774,392
774,393
773,394
773,395
773,396
772,397
772,398
772,399
771,400
771,401
771,402
770,403
770,404
770,405
769,406
769,407
769,408
768,409
768,410
768,411
767,412
767,413
767,414
766,415
766,416
766,417
765,418
765,419
765,420
764,421
764,422
764,423
763,424
763,425
763,426
762,427
762,428
762,429
761,430
761,431
761,432
760,433
760,434
760,435
759,436
759,437
759,438
758,439
758,440
758,441
757,442
757,443
757,444
756,445
756,446
756,447
755,448
755,449
755,450
754,451
754,452
754,453
753,454
753,455
753,456
752,457
752,458
752,459
751,460
751,461
751,462
750,463
750,464
750,465
749,466
749,467
749,468
748,469
748,470
748,471
747,472
747,473
747,474
746,475
746,476
746,477
745,478
745,479
745,480
744,481
744,482
744,483
743,484
743,485
743,486
742,487
742,488
742,489
741,490
741,491
741,492
740,493
740,494
740,495
739,496
739,497
739,498
738,499
738,500
738,501
737,502
737,503
737,504
736,505
736,506
736,507
735,508
735,509
735,510
734,511
734,512
734,513
733,514
733,515
733,516
732,517
732,518
732,519
731,520
731,521
731,522
730,523
730,524
730,525
729,526
729,527
729,528
728,529
728,530
728,531
727,532
727,533
727,534
726,535
726,536
726,537
725,538
725,539
725,540
724,541
724,542
724,543
723,544
723,545
723,546
722,547
722,548
722,549
721,550
721,551
721,552
720,553
720,554
720,555
719,556
719,557
719,558
718,559
718,560
718,561
717,562
717,563
717,564
716,565
716,566
716,567
715,568
715,569
715,570
714,571
714,572
714,573
713,574
713,575
713,576
712,577
712,578
712,579
711,580
711,581
711,582
710,583
710,584
710,585
709,586
709,587
709,588
708,589
708,590
708,591
707,592
707,593
707,594
706,595
706,596
706,597
705,598
705,599
705,600
704,601
704,602
704,603
703,604
703,605
703,606
702,607
702,608
702,609
701,610
701,611
701,612
700,613
700,614
700,615
699,616
699,617
699,618
698,619
698,620
698,621
697,622
697,623
697,624
696,625
696,626
696,627
695,628
695,629
695,630
694,631
694,632
694,633
693,634
693,635
693,636
692,637
692,638
692,639
691,640
691,641
691,642
690,643
690,644
690,645
689,646
689,647
689,648
688,649
688,650
688,651
687,652
687,653
687,654
686,655
686,656
686,657
685,658
685,659
685,660
684,661
684,662
684,663
683,664
683,665
683,666
682,667
682,668
682,669
681,670
681,671
681,672
680,673
680,674
680,675
679,676
679,677
679,678
678,679
678,680
678,681
677,682
677,683
677,684
676,685
676,686
676,687
675,688
675,689
675,690
674,691
674,692
674,693
673,694
673,695
673,696
672,697
672,698
672,699
671,700
671,701
671,702
670,703
670,704
670,705
669,706
669,707
669,708
668,709
668,710
668,711
667,712
667,713
667,714
666,715
666,716
666,717
665,718
665,719
665,720
664,721
664,722
664,723
663,724
663,725
663,726
662,727
662,728
662,729
661,730
661,731
661,732
660,733
660,734
660,735
659,736
659,737
659,738
658,739
658,740
658,741
657,742
657,743
657,744
656,745
656,746
656,747
655,748
655,749
655,750
654,751
654,752
654,753
653,754
653,755
653,756
652,757
652,758
652,759
651,760
651,761
651,762
650,763
650,764
650,765
649,766
649,767
649,768
648,769
648,770
648,771
647,772
647,773
647,774
646,775
646,776
646,777
645,778
645,779
645,780
644,781
644,782
644,783
643,784
643,785
643,786
642,787
642,788
641,789
641,790
640,791
640,792
639,793
639,794
638,795
637,796
637,797
636,798
636,799
635,800
635,801
634,802
634,803
633,804
633,805
632,806
632,807
631,808
630,809
630,810
629,811
629,812
628,813
628,814
627,815
627,816
626,817
626,818
625,819
625,820
624,821
623,822
623,823
622,824
622,825
621,826
621,827
620,828
620,829
619,830
619,831
618,832
618,833
617,834
616,835
616,836
615,837
615,838
614,839
614,840
613,841
613,842
612,843
612,844
611,845
611,846
610,847
609,848
609,849
608,850
608,851
607,852
607,853
606,854
606,855
605,856
605,857
604,858
604,859
603,860
602,861
602,862
601,863
601,864
600,865
600,866
599,867
599,868
598,869
598,870
597,871
597,872
596,873
595,874
595,875
594,876
594,877
593,878
593,879
592,880
592,881
591,882
591,883
590,884
590,885
589,886
588,887
588,888
587,889
587,890
586,891
586,892
585,893
585,894
584,895
584,896
583,897
583,898
582,899
581,900
581,901
580,902
580,903
579,904
579,905
578,906
578,907
577,908
577,909
576,910
576,911
575,912
574,913
574,914
573,915
573,916
572,917
572,918
571,919
571,920
570,921
570,922
569,923
569,924
568,925
567,926
567,927
566,928
566,929
565,930
565,931
565,932
565,933
565,934
565,935
564,936
564,937
564,938
563,939
563,940
563,941
563,942
562,943
561,944
561,945
560,946
560,947
559,948
559,949
559,950
559,951
558,952
557,953
557,954
557,955
556,956
555,957
555,958
554,959
553,960
552,960
551,961
550,962
550,963
549,964
549,965
549,966
548,967
547,968
547,969
547,970
546,971
545,972
545,973
544,974
543,974
542,975
541,976
540,976
539,977
538,978
537,978
536,979
535,980
534,981
533,981
532,982
531,982
530,983
530,984
529,985
528,986
527,986
526,986
525,986
524,987
523,988
522,988
521,988
520,988
519,989
518,989
517,989
516,989
515,990
514,990
513,990
512,991
511,991
510,991
509,992
508,992
507,992
506,992
505,992
504,992
503,992
502,992
501,992
500,992
499,992
498,992
497,992
496,993
495,993
494,993
493,993
492,993
491,993
490,993
489,993
488,993
487,993
486,993
485,993
484,993
483,993
482,993
481,993
480,993
479,993
478,993
477,993
476,993
475,993
474,993
473,993
472,993
471,993
470,992
469,992
468,992
467,992
466,992
465,992
464,992
463,992
462,992
461,992
460,992
459,992
458,991
457,991
456,991
455,991
454,991
453,991
452,991
451,991
450,990
449,990
448,990
447,990
446,990
445,990
444,990
443,990
442,990
441,989
440,989
439,989
438,989
437,988
436,988
435,988
434,988
433,988
432,988
431,988
430,988
429,988
428,987
427,987
426,987
425,987
424,986
423,986
422,986
421,986
420,986
419,986
418,986
417,986
416,986
415,986
414,986
413,986
412,985
411,984
410,984
409,984
408,984
407,983
406,983
405,982
404,982
403,982
402,982
401,981
400,981
399,980
398,980
397,979
396,979
395,978
394,978
393,977
392,976
391,976
390,975
389,974
388,974
387,974
386,973
385,973
384,973
383,972
382,972
381,971
380,971
379,970
378,970
377,969
376,968
375,967
374,966
373,966
372,966
371,965
370,964
369,964
368,963
367,962
366,962
365,961
364,961
363,960
362,960
361,960
360,960
359,959
358,958
358,957
357,956
356,956
355,955
354,954
353,953
352,953
351,952
350,951
349,950
349,949
348,948
347,947
346,947
345,946
344,946
343,945
342,944
341,943
340,942
340,941
339,940
339,939
338,938
337,937
336,936
335,935
334,934
334,933
333,932
333,931
332,930
331,929
330,928
330,927
329,926
329,925
328,924
328,923
327,922
326,921
326,920
325,919
325,918
325,917
325,916
325,915
325,914
324,913
324,912
324,911
324,910
324,909
324,908
323,907
323,906
323,905
323,904
323,903
323,902
323,901
322,900
322,899
321,898
321,897
320,896
320,895
319,894
319,893
318,892
318,891
318,890
317,889
317,888
317,887
317,886
316,885
316,884
316,883
316,882
315,881
315,880
315,879
315,878
314,877
314,876
314,875
314,874
314,873
314,872
313,871
313,870
313,869
313,868
313,867
312,866
312,865
312,864
312,863
311,862
311,861
311,860
310,859
310,858
310,857
310,856
309,855
309,854
309,853
309,852
308,851
308,850
307,849
307,848
306,847
306,846
306,845
306,844
306,843
306,842
306,841
306,840
306,839
306,838
306,837
306,836
306,835
306,834
306,833
306,832
306,831
306,830
306,829
306,828
306,827
306,826
306,825
306,824
305,823
305,822
305,821
305,820
305,819
305,818
305,817
305,816
305,815
305,814
305,813
305,812
305,811
304,810
304,809
304,808
304,807
304,806
304,805
304,804
304,803
304,802
304,801
304,800
304,799
304,798
304,797
304,796
304,795
304,794
304,793
304,792
304,791
304,790
304,789
304,788
304,787
304,786
304,785
304,784
304,783
304,782
304,781
304,780
304,779
304,778
304,777
304,776
304,775
304,774
304,773
305,772
305,771
305,770
305,769
305,768
306,767
306,766
306,765
306,764
306,763
306,762
306,761
306,760
306,759
306,758
306,757
307,756
307,755
307,754
307,753
308,752
308,751
309,750
309,749
309,748
309,747
309,746
309,745
309,744
309,743
309,742
309,741
310,740
310,739
310,738
310,737
310,736
311,735
311,734
311,733
311,732
311,731
311,730
311,729
312,728
312,727
313,726
313,725
313,724
313,723
313,722
313,721
313,720
314,719
314,718
314,717
314,716
315,715
315,714
315,713
315,712
315,711
315,710
315,709
316,708
317,707
317,706
317,705
317,704
317,703
317,702
318,701
319,700
319,699
319,698
319,697
319,696
319,695
319,694
320,693
320,692
320,691
321,690
321,689
321,688
321,687
321,686
321,685
321,684
321,683
321,682
321,681
322,680
322,679
322,678
323,677
323,676
323,675
323,674
323,673
324,672
324,671
325,670
325,669
325,668
325,667
325,666
326,665
327,664
327,663
327,662
327,661
327,660
328,659
329,658
329,657
329,656
329,655
330,654
330,653
331,652
331,651
331,650
332,649
333,648
333,647
333,646
333,645
334,644
334,643
335,642
335,641
336,640
336,639
337,638
337,637
337,636
337,635
337,634
338,633
339,632
339,631
340,630
341,629
341,628
342,627
343,626
344,625
345,624
346,623
347,622
348,621
349,620
350,619
351,618
352,617
353,616
354,615
355,614
356,614
357,613
358,612
359,612
360,611
360,610
361,609
362,609
363,608
364,607
365,606
366,605
367,604
368,603
369,602
370,601
371,600
372,599
373,598
374,597
375,596
376,595
377,594
378,593
379,592
380,591
381,590
382,589
383,588
384,587
385,586
386,585
387,584
388,583
389,582
390,581
391,580
392,579
393,578
394,577
395,576
396,575
397,574
398,573
399,572
400,571
401,570
402,569
403,568
404,567
405,566
406,565
407,564
408,563
409,562
410,561
411,560
412,559
413,558
414,557
415,556
416,555
417,554
418,553
419,552
420,551
421,550
422,549
423,548
424,547
425,546
426,545
427,544
428,543
429,542
430,541
431,540
432,539
433,538
434,537
435,536
436,535
437,534
438,533
439,532
440,531
441,530
442,529
443,528
444,527
445,526
446,525
447,524
448,523
449,522
450,521
451,520
452,519
453,518
454,517
455,516
456,515
457,514
458,513
459,512
460,511
461,510
462,509
463,508
464,507
465,506
465,505
466,504
467,503
467,502
468,501
469,500
469,499
470,498
471,497
471,496
472,495
472,494
473,493
473,492
474,491
474,490
475,489
475,488
476,487
476,486
476,485
477,484
477,483
477,482
477,481
478,480
478,479
478,478
479,477
479,476
479,475
480,474
480,473
481,472
481,471
482,470
482,469
483,468
483,467
483,466
484,465
484,464
484,463
485,462
485,461
485,460
485,459
486,458
487,457
488,456
489,455
489,454
490,453
491,452
492,451
493,450
494,450
495,449
496,449
497,448
498,448
499,447
500,447
501,446
502,446
503,446
504,446
505,446
506,446
507,445
508,445
509,445
510,444
511,444
512,444
513,443
514,442
515,442
516,442
517,442
518,442
519,442
520,442
521,442
522,442
523,442
524,442
525,442
526,442
527,442
528,442
529,442
530,442
531,442
532,442
533,442
534,442
535,441
536,441
537,441
538,441
539,441
540,441
541,441
542,441
543,441
544,441
545,441
546,441
547,440
548,440
549,440
550,440
551,440
552,440
553,440
554,440
555,440
556,440
557,440
558,439
559,439
560,439
561,438
562,438
563,438
564,438
565,438
566,438
567,438
568,438
569,437
570,437
571,436
572,436
573,436
574,436
575,436
576,436
577,436
578,435
579,435
580,435
581,434
582,434
583,434
584,434
585,433
586,433
587,432
588,432
589,432
590,431
591,431
592,430
593,430
594,430
595,429
596,428
597,428
598,428
599,427
600,427
601,426
602,426
603,425
604,424
605,423
606,423
607,422
608,421
609,421
610,420
611,419
612,418
613,418
614,417
615,416
616,415
617,415
618,414
619,413
620,413
621,412
622,411
623,410
624,410
625,409
626,408
627,408
628,407
629,406
630,405
631,405
632,404
633,403
634,402
635,402
636,401
637,400
638,400
639,399
640,398
641,397
642,397
643,396
644,395
645,395
646,394
647,393
648,392
649,392
650,391
651,390
652,389
653,389
654,388
655,387
656,387
657,386
658,385
659,384
660,384
661,383
662,382
663,382
664,381
665,380
666,379
667,379
668,378
669,377
670,377
671,376
672,375
673,374
674,374
675,373
676,372
677,371
678,371
679,370
680,369
681,369
682,368
683,367
684,366
685,366
686,365
687,364
688,364
689,363
690,362
691,361
692,361
693,360
694,359
695,358
696,358
697,357
698,356
699,356
700,355
701,354
702,353
703,353
704,352
705,351
706,351
707,350
708,349
709,348
710,348
711,347
712,346
713,345
714,345
715,344
716,343
717,343
718,342
719,341
720,340
721,340
722,339
723,338
724,338
725,337
726,336
727,335
728,335
729,334
730,333
731,332
732,332
733,331
734,330
735,330
736,329
737,328
738,327
739,327
740,326
741,325
742,325
743,324
744,323
745,322
746,322
747,321
748,320
749,319
750,319
751,318
752,317
753,317
754,316
755,315
756,314
757,314
758,313
759,312
760,311
761,310
762,310
763,309
764,308
765,307
766,306
767,305
768,304
769,304
770,304
771,303
772,302
773,301
774,300
775,300
776,299
777,298
778,298
779,298
780,297
781,296
782,296
783,295
784,294
784,293
785,292
786,292
787,291
787,290
788,289
789,289
790,288
791,288
792,287
793,286
794,285
795,285
796,284
797,284
798,283
799,282
800,282
801,281
802,280
803,280
804,280
805,279
806,278
807,278
808,278
809,278
810,277
